4046 1 0 0 1 0 0 0
1279 0 1 0 0 0 0 0
8330 0 0 1 0 0 0 0
4063 1 0 0 1 1 1 0
4089 1 0 0 0 0 0 0
432 0 0 0 0 0 1 0
4177 1 0 0 0 0 1 0
3963 1 1 0 0 0 1 0
2001 0 0 1 0 0 0 0
369 1 0 1 1 0 1 0
773 1 0 1 0 0 1 0
6510 1 1 1 1 0 1 0
7394 1 1 0 0 0 0 0
1572 1 0 0 0 0 1 1
5685 1 0 1 1 0 1 1
5996 0 0 0 1 0 1 0
991 1 0 0 0 0 1 0
6189 0 1 0 0 0 0 0
6234 1 0 1 0 0 0 0
10326 1 0 1 0 0 0 0
5248 0 0 0 1 0 0 0
9587 1 0 1 0 0 0 0
1067 1 1 0 1 1 1 0
1208 1 0 1 1 1 1 0
8706 1 1 0 1 0 0 0
7918 1 0 0 0 0 0 0
9998 1 1 0 0 0 0 0
5506 1 0 0 0 0 0 0
6056 1 1 1 0 1 1 0
2848 1 0 0 0 0 0 0
9518 1 1 0 0 0 1 0
1847 0 0 1 0 0 1 0
5252 1 1 0 1 1 1 0
8839 1 0 0 0 1 0 0
6681 1 0 0 0 1 1 0
4218 1 1 0 0 0 0 0
4802 1 0 0 0 0 0 0
6995 1 1 0 0 1 1 0
9435 0 0 0 0 0 1 0
107 0 0 0 0 0 0 1
3661 1 0 1 1 0 0 0
7443 1 0 0 1 1 0 0
1790 1 0 0 0 0 0 0
5552 1 0 0 1 0 0 0
490 1 1 0 0 0 0 0
6699 1 0 0 0 1 1 0
6821 1 0 1 0 0 1 0
9455 1 0 0 0 0 0 0
3265 1 0 0 1 0 0 0
6309 0 0 1 0 1 1 0
2610 0 0 1 0 1 1 0
7959 1 0 0 0 0 1 0
187 1 0 0 0 0 0 0
1477 0 0 1 0 0 1 0
3213 1 0 0 0 0 0 0
7726 1 0 0 0 0 1 0
808 1 0 0 0 0 0 0
4303 1 0 1 0 1 1 0
2196 1 0 0 0 0 1 0
5816 1 0 0 0 0 1 0
4560 0 0 1 0 0 1 0
10007 1 0 1 0 0 1 0
6428 1 0 0 0 1 1 0
10468 1 0 1 0 0 1 0
9980 0 0 0 0 0 1 0
7004 1 0 0 0 1 1 0
2984 0 0 1 0 1 0 0
582 1 0 0 0 0 0 0
8848 0 0 0 0 0 1 0
8385 1 0 0 0 0 1 0
3614 1 1 0 0 0 0 0
1870 1 1 0 0 0 0 0
9119 1 0 1 0 0 0 0
149 1 0 0 0 0 0 1
8979 0 0 1 0 0 1 0
1674 0 0 0 0 0 0 1
2959 1 1 0 0 0 1 0
10253 0 0 1 0 1 1 0
7153 1 1 0 0 0 1 0
4056 1 0 1 0 0 1 0
1922 0 0 1 1 1 0 0
6690 1 0 0 0 1 0 0
6873 1 0 1 0 0 1 0
5921 1 0 0 0 0 0 0
9925 0 0 0 0 1 1 0
6852 1 0 0 0 1 1 0
5512 1 0 0 0 1 1 0
6907 1 0 1 0 0 0 0
4494 1 0 0 0 0 0 0
5593 1 0 0 0 0 0 0
5612 1 1 0 1 0 0 0
3025 1 1 0 0 0 0 0
232 1 1 0 0 0 1 0
9238 1 0 1 0 0 0 0
8739 1 0 0 0 0 0 0
1447 1 0 0 0 1 0 0
6646 1 0 1 0 1 0 0
9982 1 1 0 0 0 0 0
1137 1 1 0 0 0 0 0
8260 1 0 0 0 1 1 0
2133 0 0 0 0 0 1 0
1301 1 0 1 0 0 0 0
2953 1 0 0 0 0 1 0
6115 1 1 0 0 0 0 0
157 1 1 0 0 1 1 0
8936 1 0 0 0 0 0 0
644 1 0 0 0 0 0 0
2918 1 0 0 0 1 1 0
8831 0 0 0 1 0 0 0
8057 0 0 1 1 0 1 0
4538 0 0 1 0 0 1 0
7040 0 0 1 0 0 0 0
9282 1 0 1 0 1 1 0
3605 1 0 1 0 0 1 0
6266 0 0 0 0 0 1 0
1090 0 1 0 0 0 1 0
5989 1 0 0 0 0 0 0
7414 1 0 0 0 0 0 0
5367 0 0 1 0 1 0 1
6392 1 0 0 0 0 1 0
3130 1 1 1 0 0 1 0
8290 0 0 0 1 0 1 0
8256 1 0 0 0 1 1 0
1648 1 0 0 0 0 1 1
7963 1 1 0 0 0 0 0
151 1 0 0 1 0 0 0
7651 0 0 1 0 1 1 0
4156 1 0 0 0 0 0 0
498 0 0 1 0 1 1 0
7191 1 0 0 1 0 0 0
9946 1 0 0 1 0 1 0
4684 0 0 1 1 1 1 0
4580 1 0 1 1 1 0 0
1961 0 0 1 0 0 1 0
7154 1 0 0 0 1 1 0
1200 1 1 0 0 0 0 0
8722 1 0 1 0 0 0 0
2351 0 0 0 0 1 1 0
7188 1 1 0 0 0 1 0
1381 1 1 0 0 0 0 0
5722 0 0 1 0 0 1 0
3382 0 0 1 0 1 1 0
4023 1 0 0 0 0 0 0
1693 0 0 1 0 0 1 0
350 1 0 1 1 0 1 0
10099 0 0 0 0 0 1 0
1834 1 0 0 0 0 1 0
5829 1 0 1 0 0 1 0
2342 1 0 1 0 0 1 0
5072 1 0 0 0 0 1 0
6260 1 0 1 0 0 1 0
3861 1 0 0 0 1 1 0
3211 1 0 0 0 0 1 0
4227 1 0 0 0 0 1 0
734 1 0 1 0 0 0 0
9006 1 0 0 1 0 0 0
2333 1 0 0 1 0 0 1
952 0 0 0 0 1 1 0
1063 0 0 1 0 0 1 0
6708 1 0 0 0 0 0 0
10269 0 0 0 0 1 1 0
5442 0 0 0 0 1 1 0
7111 0 0 1 0 0 1 0
6731 1 0 0 0 0 0 0
3297 1 0 0 1 0 0 1
5862 1 0 0 0 0 0 0
9788 1 0 0 0 0 0 0
5059 0 0 0 0 1 1 0
4344 1 1 0 0 0 0 0
8624 0 0 0 0 0 1 0
7913 0 1 0 0 0 0 0
8939 1 1 0 0 1 1 0
9866 1 0 0 0 0 1 0
5846 1 0 0 0 0 1 0
915 0 1 0 1 1 0 0
2591 1 0 0 0 0 0 0
2453 0 0 0 1 0 1 0
3672 0 0 0 1 1 0 0
5955 0 0 1 1 1 1 0
1283 0 0 1 0 1 1 0
4393 1 0 0 0 0 0 0
3047 1 1 0 0 1 0 0
3716 0 0 0 1 0 1 0
5497 1 0 0 0 0 1 0
823 1 0 0 1 0 1 0
2956 1 0 0 0 0 0 0
9407 1 0 0 0 0 0 0
7127 1 0 1 0 0 1 1
6546 1 0 1 1 1 0 1
3910 1 0 0 0 0 1 0
6645 1 0 0 0 0 0 0
154 0 0 1 1 1 1 0
6129 1 0 0 0 0 0 0
9094 0 0 1 1 0 0 0
8168 1 0 0 0 0 1 0
4710 1 0 0 0 1 0 0
650 1 0 0 0 0 0 0
9626 1 0 0 0 1 0 0
4327 0 0 1 0 0 1 0
4341 1 0 0 1 0 0 0
4136 0 1 0 0 0 0 0
10352 1 0 0 0 0 1 0
8279 0 0 0 1 0 0 0
1164 1 0 0 1 1 1 0
7568 0 0 1 1 0 1 0
6027 1 0 0 0 0 1 0
9343 1 0 0 1 0 1 0
1231 0 0 0 0 0 1 0
911 0 0 1 0 0 0 0
5431 0 0 1 0 0 1 0
9047 1 0 0 0 0 1 0
951 1 0 0 0 0 1 0
606 1 0 0 0 0 1 0
6950 1 0 0 0 1 1 0
2385 1 0 1 0 0 1 0
4491 1 0 1 0 0 1 1
2872 1 0 0 0 1 1 0
9054 1 0 0 1 1 1 0
5629 0 0 0 0 0 1 0
853 1 1 1 1 0 0 0
2485 1 0 0 0 1 0 0
3920 1 0 0 0 0 0 0
2803 1 1 0 1 0 1 0
668 1 0 0 0 0 0 0
7853 1 0 0 0 1 1 0
10467 1 0 0 0 0 0 0
6052 1 0 0 1 0 0 0
7110 1 0 0 0 0 0 0
5082 1 0 0 1 0 0 0
7359 1 0 1 0 0 0 0
1556 1 0 0 0 0 0 0
2382 0 0 0 0 0 1 0
1416 1 0 0 0 0 1 0
5948 0 0 1 1 0 0 0
2477 0 0 0 0 0 1 0
6211 0 0 0 0 1 0 1
1964 0 0 0 0 1 1 0
4466 1 0 0 0 0 0 0
5684 0 0 1 0 1 1 1
2695 0 0 0 0 1 1 0
10424 1 0 0 1 0 0 0
2581 1 0 0 0 0 0 0
266 1 0 0 0 0 0 0
9126 1 0 1 0 0 1 0
3399 0 0 1 0 0 1 0
7138 0 0 0 0 0 1 0
8206 0 0 0 0 0 1 0
206 0 0 1 0 0 1 0
8165 1 0 0 0 0 1 0
7341 1 1 0 0 0 0 0
4963 1 0 0 0 0 1 0
5827 0 0 1 0 0 1 0
343 1 1 0 0 0 1 0
8630 1 0 0 1 0 0 0
6811 1 0 1 1 0 1 0
717 1 1 0 0 0 1 0
1117 1 0 1 0 0 1 0
1482 1 1 0 0 0 1 0
5195 0 0 1 0 0 1 0
6988 1 1 0 0 0 0 0
9850 1 1 0 0 0 0 0
8093 1 0 1 1 0 0 0
8894 1 1 0 0 0 0 0
1899 1 0 0 0 1 1 1
9312 1 1 0 1 0 1 0
2388 0 0 1 0 1 1 0
8712 1 1 0 0 1 0 0
8797 0 0 0 0 0 1 0
5187 1 0 0 0 0 0 0
9488 1 0 1 0 0 1 0
9036 0 0 0 0 1 1 0
6398 1 1 0 1 0 0 0
6843 1 0 0 0 0 1 0
6611 1 0 1 0 0 1 0
514 1 1 0 0 0 0 0
3580 0 0 0 0 1 1 1
1038 1 0 0 0 0 0 0
1976 1 0 0 0 0 0 0
3462 1 0 0 0 0 0 0
545 1 1 0 0 0 1 0
8228 0 0 1 0 0 1 0
9608 1 0 1 0 0 0 0
9745 0 0 1 1 1 1 0
3701 0 0 1 0 0 1 0
6035 1 0 1 0 1 0 0
228 1 0 0 1 1 1 0
77 1 1 0 0 0 0 0
8600 1 0 1 0 0 1 0
3120 0 0 1 0 0 1 0
10311 0 0 0 0 1 1 0
179 0 1 0 0 0 0 0
845 1 0 0 1 0 0 0
5270 0 0 0 0 0 1 0
3959 1 0 0 0 0 1 0
10020 0 0 1 1 0 1 0
8680 1 0 0 1 0 1 0
1510 1 0 0 0 0 1 0
282 1 0 1 1 0 0 0
4014 1 0 0 1 0 0 0
6130 1 0 1 0 0 0 0
9084 1 0 0 0 0 1 0
10407 1 0 0 0 0 0 0
5920 0 0 1 0 0 1 1
2226 0 0 0 0 0 1 0
384 1 0 0 1 0 0 0
8120 0 0 0 0 0 1 0
5023 1 0 0 0 0 1 1
4655 1 1 0 0 0 1 0
8247 1 0 0 0 0 0 0
10135 0 0 1 0 0 0 0
8965 1 0 1 1 0 1 0
6534 1 1 0 0 0 0 0
7370 1 0 0 0 0 0 0
3954 1 0 0 0 0 1 0
7805 1 1 0 0 0 0 0
2822 1 0 0 1 0 1 0
5432 1 0 0 1 0 0 0
10324 1 0 0 0 0 1 0
8154 1 0 1 1 1 1 0
4193 0 0 0 0 0 1 0
7462 1 1 0 0 0 1 0
7396 1 0 0 0 0 0 0
8276 1 0 1 0 0 1 0
516 1 0 1 1 0 1 0
1542 1 0 0 0 0 1 0
822 1 1 0 0 0 0 0
7983 1 0 1 0 0 0 0
2284 1 0 0 1 0 0 0
4160 1 0 0 0 0 0 0
3186 0 0 0 0 1 1 1
171 1 1 0 0 0 0 0
4527 1 1 1 0 0 1 0
10312 0 0 1 1 1 1 0
4376 1 0 0 0 0 1 0
4876 1 0 0 0 0 0 0
2465 1 0 0 1 1 1 0
7098 1 1 0 0 0 0 0
8123 1 0 0 1 0 1 1
7790 1 0 0 0 0 1 0
6087 1 0 0 0 1 0 0
5719 1 1 0 0 0 0 0
715 1 1 0 0 0 0 0
7637 1 0 0 0 0 0 0
5129 0 0 0 0 0 1 0
9584 0 0 0 1 0 1 0
2532 1 1 0 0 0 0 0
4693 1 1 0 1 0 0 0
6448 1 1 0 0 0 0 0
4358 1 0 1 0 0 1 0
3268 1 0 1 0 0 1 0
2396 1 1 0 0 0 1 0
567 1 1 0 1 0 1 0
1217 1 1 0 0 0 1 0
635 1 1 0 1 0 0 0
8881 1 0 1 1 0 0 0
6167 0 0 0 1 0 1 0
8103 0 0 0 1 0 0 0
2710 0 0 1 0 1 1 0
936 1 0 0 0 0 0 0
3806 1 1 0 0 0 0 0
5458 1 1 0 0 1 0 0
2714 0 0 0 1 0 1 0
195 1 0 0 1 0 0 0
6259 1 0 0 0 0 0 0
6826 0 0 1 0 0 1 0
5778 0 0 0 1 1 1 0
2577 1 1 0 0 0 0 0
9087 1 0 0 1 0 1 0
1322 1 1 0 0 0 0 0
8495 1 0 0 0 1 1 0
4330 0 0 0 0 1 1 0
1933 1 0 1 0 0 1 0
3432 1 0 0 1 0 0 0
9823 0 0 0 1 1 1 0
8237 1 0 0 0 0 1 0
3091 1 0 0 1 0 1 0
2000 1 0 1 1 1 1 0
2658 1 0 1 1 0 0 0
5216 1 0 0 0 1 0 1
7015 1 0 0 1 0 0 0
1113 1 1 0 0 0 0 0
880 1 0 0 0 0 0 0
118 1 0 0 1 0 1 0
6715 1 0 1 1 0 0 0
7274 1 0 0 1 1 0 0
9768 1 0 0 0 0 0 0
5460 0 0 1 0 1 1 0
3396 1 0 0 0 1 0 0
508 1 0 0 0 0 0 0
10142 1 0 0 0 1 0 0
4278 1 0 0 0 0 0 0
8522 1 0 0 1 0 0 0
2717 0 1 0 0 0 0 0
1264 1 0 0 0 0 1 0
6837 1 0 0 0 0 0 0
2780 1 0 0 0 1 0 0
7407 0 0 1 0 0 1 0
2871 1 0 0 0 0 1 0
9571 0 0 0 0 0 1 0
817 1 0 1 1 0 0 0
5251 0 0 1 0 1 1 0
8774 1 0 0 1 0 0 0
34 1 1 0 0 0 0 0
9537 1 1 0 0 0 0 0
7100 0 0 0 0 0 1 0
6347 0 0 1 0 0 1 0
8795 1 0 1 0 0 1 0
7611 1 0 0 0 0 1 0
7068 1 0 0 0 0 0 0
3767 1 0 0 1 0 0 0
9888 1 1 0 0 0 0 0
4964 1 0 0 0 0 0 0
8053 1 0 1 1 0 1 0
1300 1 0 1 1 1 1 0
5092 1 0 0 0 0 0 0
5331 0 0 1 0 0 1 0
8488 1 0 0 0 0 1 0
8081 1 1 0 0 0 1 0
3181 1 1 0 0 0 0 0
4534 0 0 0 1 0 1 0
5564 1 1 0 0 0 1 0
4502 1 0 0 0 0 1 0
4421 1 1 0 0 0 0 0
8661 1 0 0 1 0 0 0
1034 1 1 0 0 0 0 0
5974 1 0 1 0 0 0 0
6099 1 1 0 0 1 0 0
6049 1 1 0 0 0 0 0
1622 1 1 0 0 0 1 0
6137 0 0 1 1 1 1 0
6194 0 0 1 1 1 1 0
4039 1 0 0 0 0 0 0
5852 0 0 1 0 0 0 1
9740 1 0 0 0 0 0 0
6707 1 0 0 0 1 0 0
1188 1 0 0 0 0 0 0
4072 1 0 0 0 0 1 0
8321 1 0 0 0 0 1 0
7797 0 0 1 1 1 1 0
5298 0 0 0 0 0 1 0
7506 1 0 1 0 1 1 0
8421 0 0 0 0 1 1 0
763 1 0 1 1 1 1 0
4382 0 0 0 0 1 1 0
9303 1 0 1 0 0 0 0
441 0 0 0 1 0 1 0
712 1 0 0 0 0 1 0
3298 1 0 0 0 0 1 0
6623 1 0 0 0 0 1 0
604 0 0 1 0 0 1 0
10105 0 0 0 0 1 1 0
1166 0 0 1 0 0 1 0
7021 0 0 1 0 1 1 0
1703 1 0 1 1 0 0 0
6133 0 0 1 1 1 1 0
2316 1 0 0 1 0 1 0
9645 1 0 0 1 0 1 0
864 0 0 1 0 0 1 0
7912 1 0 0 0 0 1 0
3115 0 0 0 1 1 1 0
1951 1 0 1 1 0 1 0
5798 0 0 0 0 0 1 0
600 1 0 0 0 0 0 0
5207 0 0 0 0 0 1 0
3257 0 0 0 0 0 1 0
1443 1 1 0 0 0 0 0
2350 1 0 0 0 0 1 0
381 1 1 0 0 0 1 0
6040 1 0 0 0 1 0 0
3724 1 1 0 0 0 0 0
7332 1 0 0 0 0 1 0
5530 0 0 0 0 0 1 0
798 1 1 0 0 1 1 0
4313 1 0 0 0 1 1 0
1194 0 0 1 0 1 1 0
8983 1 0 0 0 0 1 0
3411 0 0 0 0 1 1 0
3965 0 0 1 0 0 1 0
9846 0 1 0 0 1 1 0
5508 0 0 1 0 1 1 0
6906 1 0 1 0 1 1 0
4753 1 0 0 1 0 1 0
83 1 1 0 0 0 0 0
4319 1 1 0 0 0 1 0
1396 1 0 0 0 0 1 0
5177 1 0 0 1 0 1 0
5501 1 0 0 0 1 1 0
3138 1 0 0 0 0 0 1
3678 1 0 0 0 0 0 0
5914 1 0 0 0 0 0 0
5164 1 0 0 0 0 0 0
2321 1 1 0 0 0 1 0
1763 1 0 0 0 0 1 0
10102 0 0 0 0 0 1 0
3820 0 0 0 0 0 1 0
8325 1 0 0 0 0 0 0
5865 1 0 0 1 0 0 0
1987 1 0 0 1 1 0 0
7828 1 0 0 0 1 0 0
1753 0 0 0 1 0 1 0
7849 0 0 1 1 0 1 0
1835 1 0 0 0 0 0 0
9070 0 0 0 0 0 1 0
10244 0 0 1 0 0 1 0
3695 1 0 0 0 0 0 0
2767 1 1 0 0 0 0 0
1916 1 0 0 1 1 1 0
7720 1 1 0 0 0 0 0
3201 1 0 0 0 0 0 0
3174 1 0 0 1 0 0 0
6069 1 0 0 1 0 0 0
9698 1 0 0 1 0 0 0
9168 1 1 0 0 0 1 0
9923 0 0 1 0 0 1 0
9663 1 0 0 0 0 0 0
3683 1 0 0 0 0 1 0
7256 0 0 1 1 0 0 0
1229 0 0 1 0 0 1 0
5806 0 0 1 0 1 1 0
8240 1 0 0 0 0 1 0
5773 1 0 0 1 1 0 0
6373 1 0 0 0 0 1 0
197 1 0 1 1 1 1 0
7104 1 0 0 0 0 0 0
10379 0 0 1 1 1 1 0
2919 1 0 1 1 1 1 0
4279 1 1 0 0 0 0 0
8030 1 0 0 0 0 0 0
1619 1 1 1 0 0 1 0
1358 0 0 1 0 0 0 0
275 1 0 0 0 0 0 0
2997 1 0 1 1 1 0 0
6585 1 1 0 0 0 1 0
2020 1 0 0 0 0 0 0
625 1 0 1 1 0 0 0
1515 1 1 0 0 0 0 0
4263 0 0 1 0 1 1 0
2255 1 0 0 0 0 1 0
8920 1 0 0 0 0 0 0
5975 1 1 0 0 0 0 0
2443 1 1 0 0 0 0 0
1273 0 0 0 0 1 1 0
9647 1 0 1 0 1 1 0
3030 1 0 0 1 0 1 0
367 1 0 0 0 0 0 0
6055 0 0 1 1 0 0 0
9695 1 0 1 1 0 0 0
935 1 0 1 0 0 1 0
795 1 0 0 0 1 1 0
9244 1 0 0 0 0 0 0
6343 1 1 0 0 0 1 0
8027 0 0 1 1 0 0 0
2722 1 1 0 0 0 1 0
1526 1 1 0 1 0 0 0
9825 1 0 0 1 0 0 0
9398 0 0 0 0 0 1 0
5565 0 0 0 1 0 0 0
8468 1 0 0 0 1 0 0
2815 1 0 0 0 0 0 0
2655 1 0 1 1 0 0 0
7846 1 0 0 0 0 0 0
8759 1 1 1 0 0 0 0
438 1 0 0 1 0 0 0
882 1 1 0 0 0 0 0
5209 1 1 0 0 1 1 0
8811 1 0 0 1 0 0 0
1582 0 0 0 0 0 1 0
1800 1 0 0 1 1 0 0
5938 1 0 0 0 0 1 0
4407 0 0 1 1 0 0 0
925 1 0 0 0 0 0 0
7328 1 0 0 1 0 0 0
3664 0 0 1 1 0 0 0
10011 1 0 0 0 0 1 0
8205 1 1 0 0 0 0 0
1052 1 0 1 1 0 0 0
8819 0 0 0 0 0 1 0
4604 1 1 0 0 0 1 0
4815 1 0 0 0 0 0 0
5901 1 1 0 1 0 0 0
1599 1 0 0 0 0 1 0
4980 1 0 0 0 0 0 0
10333 1 0 1 1 0 1 0
2649 1 0 0 0 0 0 0
5690 0 0 0 1 1 1 0
7091 1 0 0 0 0 0 0
5217 1 0 0 0 0 0 0
9727 1 0 0 0 0 1 0
9675 0 0 0 1 0 0 0
2189 1 0 0 0 1 0 0
3379 1 0 0 0 0 0 0
406 0 0 1 0 0 1 0
6083 0 0 1 0 0 1 0
9664 0 0 0 0 0 1 0
1824 1 1 0 0 0 0 0
4607 1 0 0 0 0 0 0
2779 1 0 0 0 0 0 0
7339 1 1 0 0 0 0 0
4658 0 0 1 1 0 1 0
3607 1 0 0 0 0 0 0
3541 0 0 1 0 1 0 0
4930 1 0 0 1 0 0 0
10331 1 0 1 0 1 0 0
8386 0 0 0 0 1 1 0
4258 0 0 1 0 0 1 0
2798 1 0 0 0 1 1 0
5848 1 0 1 0 0 1 0
7770 1 0 0 0 0 0 1
5153 1 1 0 0 0 0 0
5558 0 0 0 1 1 0 0
6332 0 0 0 1 0 1 0
1339 1 1 0 0 0 0 0
2800 1 0 0 1 0 1 0
486 1 1 0 1 0 0 0
5168 1 0 0 0 0 0 1
10254 1 1 0 0 0 1 0
1363 0 0 1 1 0 0 0
8745 1 1 0 0 0 0 0
9250 1 0 0 0 0 0 0
913 1 0 0 0 0 1 0
8569 0 0 0 0 0 0 1
6284 1 0 0 0 1 0 0
6951 0 1 0 0 0 0 0
7215 1 0 0 1 0 0 0
5589 1 0 0 0 0 0 0
7222 0 0 1 1 0 1 0
1490 1 0 1 0 0 0 1
5692 1 1 0 0 0 0 0
3674 1 0 0 0 0 0 0
4294 1 1 1 1 0 0 0
8036 1 1 0 0 0 0 0
6683 1 0 1 0 0 0 1
672 1 0 0 1 0 0 0
494 1 0 1 0 0 1 0
3233 1 0 0 0 1 1 0
8783 0 0 1 1 0 0 0
7538 1 1 0 0 0 0 0
7655 1 1 0 0 0 0 0
2736 1 0 0 0 0 1 0
4184 0 0 0 0 1 1 0
2929 1 1 1 0 0 0 0
6334 1 0 0 1 0 0 0
2449 1 0 0 1 0 0 0
9400 1 0 1 1 0 0 0
3312 1 0 1 1 0 0 0
10220 1 0 0 0 0 0 0
248 0 0 0 0 1 1 0
8297 1 0 0 0 0 0 0
5105 0 0 0 0 0 1 0
5734 1 0 0 1 1 0 0
8054 1 0 0 0 0 1 0
7450 1 0 0 0 0 1 0
7171 1 0 1 1 0 1 0
6474 1 0 0 0 1 1 0
10371 1 1 0 0 0 0 0
1478 1 0 0 0 0 0 0
2278 1 1 0 0 0 0 0
1975 1 1 0 0 0 0 0
6241 1 0 0 0 0 0 0
338 0 0 0 0 0 1 0
9673 1 0 0 0 0 0 0
2125 1 0 0 0 0 0 0
7729 1 0 0 0 0 0 0
4108 1 0 0 1 0 0 0
6337 1 0 0 1 0 0 0
7387 1 0 0 0 0 0 0
9026 1 0 0 0 1 0 0
3333 1 1 0 0 0 0 0
1088 1 0 0 0 1 0 0
970 1 0 0 0 0 1 0
6420 0 0 1 0 1 1 0
6312 0 0 0 0 0 1 1
9458 0 0 1 1 0 1 0
3540 1 0 0 1 0 0 0
1421 1 0 0 0 0 0 0
1620 1 0 0 0 0 0 0
9678 1 0 0 0 0 1 0
2072 1 0 0 0 0 0 0
4145 1 0 0 0 0 0 0
6987 1 1 0 0 0 0 0
5284 1 0 0 0 0 0 0
1908 1 0 1 1 0 1 0
5983 0 0 0 0 0 1 0
4090 1 1 0 0 0 0 0
8286 1 0 1 0 0 1 0
9012 1 0 0 0 0 0 0
9942 1 0 1 1 0 0 0
1760 1 1 0 0 0 0 0
8068 1 0 1 1 1 1 0
9410 0 0 0 0 1 1 0
6687 0 0 0 1 0 0 1
7783 1 0 0 0 0 1 0
7314 1 1 0 0 0 1 0
1420 1 1 0 0 0 0 0
6113 1 0 1 1 0 0 0
4768 1 1 0 0 0 0 0
6389 1 1 0 0 0 0 0
9345 1 0 0 1 0 1 0
360 1 0 0 0 0 0 0
2154 1 0 0 1 0 1 0
8340 1 0 0 0 0 0 0
4359 1 0 0 0 0 0 0
7691 1 0 0 1 0 0 0
7888 1 1 0 0 1 0 0
7874 0 0 0 0 0 1 0
8492 1 0 0 0 0 1 0
9624 0 0 0 0 1 1 0
2874 1 0 0 0 0 0 0
9256 1 0 0 0 0 0 0
2053 1 0 0 0 0 1 0
9598 1 1 0 0 0 0 0
8420 1 1 0 0 0 1 0
3206 1 1 0 0 0 0 0
2405 1 0 0 0 0 0 0
1009 1 0 0 0 0 0 0
6253 1 1 0 0 0 0 0
846 1 1 0 0 1 0 0
7095 1 1 0 0 1 0 0
9772 1 1 0 0 0 0 0
6179 1 0 0 0 1 1 1
3355 1 1 0 0 1 1 0
7615 1 1 0 0 0 1 0
492 1 0 0 0 0 1 0
2960 0 0 0 1 0 0 0
2194 1 0 0 0 0 0 0
5941 1 0 0 1 0 0 0
8118 1 0 0 0 0 0 0
9753 0 0 0 0 1 1 0
10391 0 0 1 1 1 1 0
2325 1 0 0 1 0 0 0
10469 1 0 0 0 0 0 0
3357 0 0 0 0 1 1 0
4609 1 1 0 0 0 0 1
7349 1 0 0 0 1 0 0
4997 1 0 0 1 0 0 0
765 0 0 1 0 1 1 0
7213 0 0 0 0 1 1 0
9081 0 0 0 1 0 1 0
9843 1 0 0 0 0 1 0
8857 1 0 0 0 0 0 0
10347 1 0 0 0 0 0 0
4965 1 0 1 1 0 1 0
10191 1 0 0 1 1 0 0
6931 1 0 0 0 1 1 0
496 0 0 1 0 0 1 0
4060 1 1 0 0 1 1 0
4830 0 0 1 1 0 0 1
353 1 0 0 1 0 1 0
9719 0 0 1 1 0 1 0
1266 1 0 0 0 1 1 0
5427 0 0 0 0 0 1 0
6501 1 1 1 1 0 0 0
6013 1 1 0 0 0 0 0
3087 0 0 0 1 1 1 0
8281 1 1 0 1 1 0 0
966 1 1 0 0 0 0 0
8559 0 0 0 0 0 0 1
4125 0 0 0 0 1 1 0
5114 0 0 1 1 0 1 0
5649 1 0 0 0 0 0 0
821 1 0 0 0 0 0 0
3406 1 0 1 0 1 1 0
6509 0 0 0 0 0 1 0
2879 1 0 0 1 1 1 0
9342 1 0 0 0 0 0 0
1115 1 0 0 1 0 0 0
9690 0 0 0 1 0 0 0
4112 0 0 0 0 0 1 0
3721 1 1 0 0 0 1 0
5163 1 0 0 0 0 0 0
2996 1 1 0 0 0 0 0
10110 1 0 1 0 0 1 0
6965 1 0 0 0 0 0 0
2250 0 0 0 0 0 1 1
1326 0 0 1 1 0 0 0
238 0 0 0 0 0 1 0
9725 0 0 0 1 1 0 0
9309 1 0 0 0 0 0 0
1696 0 0 1 1 1 0 0
7261 0 0 0 0 0 1 0
8966 0 0 0 0 1 1 0
9961 1 0 0 1 1 0 0
1345 1 0 0 0 0 0 0
8407 1 0 0 0 0 1 0
2344 1 1 0 0 1 0 0
1596 1 0 0 0 0 0 0
3055 0 0 0 0 0 1 0
6059 1 0 0 0 0 1 0
6342 1 0 0 0 1 0 0
9689 1 0 0 0 0 0 1
2901 1 0 1 0 0 1 1
591 1 0 0 0 0 0 0
9776 1 0 0 1 0 1 0
7353 0 0 0 1 0 0 0
5746 1 0 0 1 0 0 0
7298 0 0 0 0 0 1 0
3857 1 0 0 0 0 0 0
42 0 0 0 0 0 1 0
280 1 0 0 1 0 0 0
7290 1 1 0 0 0 0 0
3461 1 0 0 0 0 1 0
10400 1 1 0 0 0 0 0
382 1 1 0 0 0 0 0
7670 1 0 0 0 0 1 0
2515 1 0 0 0 0 0 0
986 0 0 0 0 0 1 0
9123 1 0 0 0 0 0 0
5977 0 0 0 0 0 1 0
10454 1 1 0 0 1 1 0
33 1 0 0 0 0 0 0
1000 1 0 0 0 0 0 0
2183 0 0 0 0 1 1 0
7002 1 1 0 0 0 0 0
3919 1 1 0 0 0 0 0
5039 0 0 1 0 1 1 0
1192 0 0 1 0 0 1 0
3021 1 0 0 0 0 0 0
5180 1 0 0 0 0 1 0
589 1 0 0 1 0 0 0
155 1 0 0 1 0 0 0
9196 0 0 0 0 1 1 0
7283 1 0 0 0 0 0 0
9762 1 1 0 0 0 0 0
6967 1 0 0 1 0 0 0
9037 1 0 0 0 0 0 0
471 1 0 0 1 0 0 0
9792 1 0 0 0 0 0 0
6327 1 0 0 0 0 1 0
10249 1 0 0 0 1 0 0
2833 1 0 0 0 0 1 0
8602 1 0 0 0 0 1 0
10173 1 1 1 0 0 1 0
5568 1 0 0 0 0 1 0
3662 1 0 0 0 0 0 0
2702 1 0 0 0 0 1 0
7553 1 0 0 0 0 0 0
9506 1 0 0 0 0 0 0
6313 1 0 0 0 0 0 0
5386 1 0 1 0 1 0 0
8845 1 1 0 0 0 0 0
5835 0 0 1 0 0 1 0
5406 1 0 0 0 0 0 0
6833 1 0 0 1 0 1 0
10321 1 0 0 0 0 0 0
1036 1 0 0 0 0 0 0
152 0 0 1 0 0 1 0
1392 1 1 0 0 0 0 0
7242 0 0 0 1 1 1 0
2857 1 0 0 0 0 0 0
6294 1 1 0 0 0 0 0
6971 0 0 0 0 0 0 1
2697 1 0 0 0 0 0 0
1397 1 0 0 0 0 1 0
3971 0 1 0 1 0 0 0
9419 1 0 0 0 0 1 0
8268 1 0 0 0 0 0 0
5054 1 1 0 0 0 0 0
1551 1 0 0 1 0 0 0
639 0 0 1 1 0 1 0
2520 1 0 0 0 0 1 0
8961 1 0 0 0 0 0 0
6910 0 1 0 0 0 0 1
3604 0 1 1 1 0 0 0
1394 0 0 0 0 1 0 0
8554 1 0 0 0 0 0 0
3554 1 0 0 0 0 0 0
6326 1 0 0 0 0 0 0
6556 1 1 0 0 0 0 0
661 0 0 0 0 1 1 0
6041 1 0 0 1 0 0 0
9639 1 0 0 0 0 0 0
993 1 1 0 0 0 0 0
1860 1 0 0 0 0 0 0
6193 1 0 0 0 0 0 0
5031 1 1 0 0 0 0 0
1954 0 0 1 1 0 0 0
8131 0 0 1 0 0 0 1
1409 1 0 0 0 0 1 0
8218 1 0 0 0 0 0 0
1570 1 0 0 0 1 1 0
5425 1 0 0 0 0 1 0
1643 1 1 0 0 0 0 0
1393 1 0 0 0 0 1 0
6360 1 1 0 0 0 0 0
1001 0 0 0 0 1 0 0
3598 1 0 0 0 0 0 0
7816 1 0 0 0 0 0 0
9913 1 0 0 0 0 0 0
5567 1 0 0 0 0 0 0
9558 0 0 0 1 0 0 0
2777 0 0 0 0 0 1 0
4697 1 0 0 0 0 0 0
372 0 0 0 0 1 1 0
1442 0 1 0 0 0 0 0
9280 1 1 0 0 0 0 0
7735 1 0 0 0 0 1 0
2843 0 0 0 0 0 1 0
3489 1 0 0 1 0 0 0
10018 1 1 0 0 0 0 0
3625 1 0 1 0 0 1 0
2838 0 0 0 0 0 1 0
8758 1 0 0 0 0 0 0
5982 1 0 0 0 0 0 0
7917 0 0 0 1 1 1 0
7842 1 1 0 0 0 0 0
7960 0 0 0 1 0 1 0
1159 1 1 0 0 0 0 0
5639 1 0 0 0 0 1 0
4679 0 0 1 0 0 1 0
8922 1 1 0 0 0 0 0
2509 1 0 0 0 0 0 0
8491 1 0 0 1 0 1 0
4239 1 0 0 0 0 1 0
5430 1 0 0 0 0 0 0
5756 1 0 0 0 0 0 0
10408 1 0 0 1 0 0 0
1123 0 0 0 0 1 1 0
5770 1 0 0 0 0 0 0
9276 0 0 0 0 0 1 0
6418 1 1 0 0 0 0 0
9928 0 1 0 0 0 1 0
931 1 0 0 0 0 0 0
3862 0 0 0 0 0 1 0
5273 1 0 0 0 0 0 0
6653 1 0 0 0 0 0 0
5280 1 0 0 0 0 0 0
6720 1 0 0 0 0 1 0
10445 0 1 0 0 0 0 0
6395 1 0 0 0 0 0 0
7310 0 0 1 0 1 1 0
9669 1 1 0 1 0 0 0
10405 1 0 0 0 0 0 0
4721 1 1 0 0 0 0 0
4863 1 0 0 1 1 0 0
1331 1 0 0 0 0 0 0
1309 0 0 0 0 0 1 0
2303 0 0 0 0 0 1 0
3385 1 0 0 0 1 0 0
2603 1 0 0 0 0 0 0
8836 0 0 0 0 0 1 0
2882 1 0 0 0 0 1 0
2404 0 0 1 0 0 0 0
287 1 0 0 1 0 0 0
2921 0 0 1 0 0 1 0
5118 0 0 0 0 1 1 0
4113 1 0 0 1 0 0 0
3618 0 0 0 1 0 1 0
7164 1 0 0 0 0 1 0
8553 0 0 0 0 0 1 0
7320 0 0 0 0 0 1 0
7463 0 0 1 0 1 1 0
7375 0 0 1 0 0 0 0
5440 1 1 0 0 0 0 0
3453 1 0 0 1 0 1 0
10027 1 0 0 0 0 0 0
528 1 0 0 0 0 0 0
2662 1 0 0 0 0 0 0
9674 0 0 0 0 0 1 0
9986 0 0 1 0 0 0 0
3924 1 1 0 0 0 0 0
4720 1 1 1 0 1 0 0
3652 0 0 0 0 0 1 0
8907 1 1 0 0 0 0 0
1637 0 0 1 0 0 0 0
4521 1 1 0 0 0 1 0
6947 1 1 0 0 0 0 0
7217 1 0 0 0 0 1 0
2166 0 0 1 0 0 0 0
6364 0 0 0 0 1 0 0
4541 0 0 0 1 0 1 0
6007 1 1 0 0 0 0 0
5546 0 0 0 0 0 1 0
8620 1 0 0 0 0 0 0
1369 0 0 0 0 0 1 0
8198 1 0 0 0 0 0 0
1354 0 0 0 0 1 1 0
6136 0 0 0 0 0 1 0
2068 1 0 0 0 0 0 0
4960 0 0 0 0 0 1 0
8685 1 0 0 0 0 0 0
7813 1 0 1 1 0 0 0
665 1 0 0 0 0 0 0
6962 0 0 0 0 0 1 0
7541 1 0 0 0 0 0 0
3973 1 1 0 0 0 0 0
6552 1 0 0 0 0 0 0
3387 1 0 0 0 0 0 0
2640 1 0 1 0 0 0 0
873 1 0 0 0 1 0 0
10070 1 0 0 0 0 0 0
6484 1 0 0 0 0 1 0
6249 1 0 0 0 0 0 0
5149 0 0 0 1 0 0 0
